Offense,assault and battery, rape,  embezzlement,perjury,  libel, burglary,prostitution,receiving stolen goods
assault and battery,0,21.1,71.2,36.4,52.1,89.9,53,90.1
 rape,21.1,0,54.1,36.4,54.1,75.2,73,93.2
  embezzlement,71.2,54.1,0,36.4,52.1,36.4,75.2,71.2
perjury,36.4,36.4,36.4,0,0.7,54.1,52.1,63.4
  libel,52.1,54.1,52.1,0.7,0,53,36.4,52.1
 burglary,89.9,75.2,36.4,54.1,53,0,88.3,36.4
prostitution,53,73,75.2,52.1,36.4,88.3,0,73
receiving stolen goods,90.1,93.2,71.2,63.4,52.1,36.4,73,0
